00
00
00
00
00
00
61
00
00
82
00
00
00
E2
24
00
00
00
00
00
01
41
61
00
00
00
02
22
21
42
62
00
00
08
04
24
44
68
64
00
00
E1
10
28
50
48
70
00
00
E8
F0
D0
30
B0
90
00
00
00
E4
C8
A8
88
84
00
00
E8
C4
A4
A2
81
82
00
00
E4
C8
C2
21
A1
88
00
00
00
28
00
04
00
00
00
62
00
C1
C4
00
30
00
00
00
48
00
00
00
00
81
00
00
00
00
00
00
00
00
00
00
E4
00
00
00
00
E1
00
00
C4
00
C8
F0
00
00
00
00
00
00
00
00
00
00
00
00
00
00
00
00
00
00
00
00
00
00
00
E2
00
00
00
00
00
00
00
00
00
00
00
00
00
00
00
00
00
00
00
00
00
00
00
00
00
00
E2
00
00
00
00
00
00
00
00
00
00
00
00
00
00
00
00
00
00
00
00
00
00
00
00
00
00
10
00
00
00
00
00
00
00
00
00
00
00
00
00
00
00
C1
00
00
00
00
00
00
00
00
00
00
00
00
00
00
00
00
70
00
00
00
00
00
00
90
00
84
88
00
00
00
00
00
00
00
00
00
00
00
00
00
00
00
00
61
00
00
00
00
00
00
E2
24
00
00
00
00
00
01
41
61
00
00
00
02
22
21
42
A1
00
00
08
04
24
44
68
64
00
00
E1
10
28
50
48
70
00
00
E8
F0
D0
30
B0
90
00
00
00
E4
C8
A8
10
84
00
00
A2
C4
A4
A2
C2
82
00
00
02
81
C2
00
A1
08
00
00
00
28
00
D0
00
00
00
62
00
C1
F0
00
A1
00
00
00
50
00
00
00
00
00
00
00
00
00
00
00
00
00
00
00
E4
00
00
00
00
E1
00
00
C4
00
C8
F0
00
00
00
00
00
00
00
00
00
00
00
00
00
00
00
00
00
00
00
00
00
00
00
E2
00
00
00
00
00
00
00
00
00
00
00
00
00
00
00
00
00
00
00
00
00
00
00
00
00
00
E2
00
00
00
00
00
00
00
00
00
00
00
00
00
00
00
00
00
00
00
00
00
00
00
00
00
00
10
00
00
00
00
00
00
00
00
00
00
00
00
00
00
00
C1
00
00
00
00
00
00
00
00
00
00
00
00
00
00
00
00
70
00
00
00
00
00
00
90
00
84
88
00
00
00
00
00
00
00
00
00
00
00
00
00
00
00
00
61
00
00
00
00
00
00
E2
00
00
00
00
00
00
01
00
00
00
00
00
00
00
00
00
00
00
00
00
00
00
00
00
00
00
00
E1
00
00
00
00
00
00
00
00
00
00
00
00
00
00
00
00
00
00
00
00
00
00
00
00
00
00
00
00
00
00
00
00
00
00
00
00
00
00
00
00
00
00
00
00
00
00
62
00
C1
00
00
00
00
00
00
41
00
00
00
00
00
00
00
00
00
00
00
00
00
00
00
E4
00
00
00
00
E1
00
00
C4
00
C8
F0
00
00
00
00
00
00
00
00
00
00
00
00
00
00
00
00
00
00
00
00
00
00
00
E2
00
00
00
00
00
00
00
00
00
00
00
00
00
00
00
00
00
00
00
00
00
00
00
00
00
00
E2
00
00
00
00
00
00
00
00
00
00
00
00
00
00
00
00
00
00
00
00
00
00
00
00
00
00
10
00
00
00
00
00
00
00
00
00
00
00
00
00
00
00
C1
00
00
00
00
00
00
00
00
00
00
00
00
00
00
00
00
70
00
00
00
00
00
00
90
00
84
88
00
00
00
00
00
00
00
00
00
00
00
00
00
00
00
00
61
00
00
00
00
00
00
E2
00
00
00
00
00
00
01
00
00
00
00
00
00
00
00
00
00
00
00
00
00
00
00
00
00
00
00
E1
00
00
00
00
00
00
00
00
00
00
00
00
00
00
00
00
00
00
00
00
00
00
00
00
00
00
00
00
00
00
00
00
00
00
00
00
00
00
00
00
00
00
00
00
00
00
62
00
C1
00
00
00
00
00
00
44
00
00
00
00
00
00
00
00
00
00
00
00
00
00
00
E4
00
00
00
00
E1
00
00
C4
00
C8
F0
00
00
00
00
00
00
00
00
00
00
00
00
00
00
00
00
00
00
00
00
00
00
00
E2
00
00
00
00
00
00
00
00
00
00
00
00
00
00
00
00
00
00
00
00
00
00
00
00
00
00
E2
00
00
00
00
00
00
00
00
00
00
00
00
00
00
00
00
00
00
00
00
00
00
00
00
00
00
10
00
00
00
00
00
00
00
00
00
00
00
00
00
00
00
C1
00
00
00
00
00
00
00
00
00
00
00
00
00
00
00
00
70
00
00
00
00
00
00
90
00
84
88
00
00
00
00
00
00
00
00
00
00
00
00
00
00
00
00
61
00
00
00
00
00
00
E2
00
00
00
00
00
00
01
00
00
00
00
00
00
00
00
00
00
00
00
00
00
00
00
00
00
00
00
E1
00
00
00
00
00
00
00
00
00
00
00
00
00
00
00
00
00
00
00
00
00
00
00
00
00
00
00
00
00
00
00
00
00
00
00
00
00
00
00
00
00
00
00
00
00
00
62
00
C1
00
00
00
00
00
00
42
00
00
00
00
00
00
00
00
00
00
00
00
00
00
00
E4
00
00
00
00
E1
00
00
C4
00
C8
F0
00
00
00
00
00
00
00
00
00
00
00
00
00
00
00
00
00
00
00
00
00
00
00
E2
00
00
00
00
00
00
00
00
00
00
00
00
00
00
00
00
00
00
00
00
00
00
00
00
00
00
E2
00
00
00
00
00
00
00
00
00
00
00
00
00
00
00
00
00
00
00
00
00
00
00
00
00
00
10
00
00
00
00
00
00
00
00
00
00
00
00
00
00
00
C1
00
00
00
00
00
00
00
00
00
00
00
00
00
00
00
00
70
00
00
00
00
00
00
90
00
84
88
00
00
00
00
00
00
00
00
00
00
00
00
00
00
00
00
61
00
00
00
00
00
00
E2
00
00
00
00
00
00
01
00
00
00
00
00
00
00
00
00
00
00
00
00
00
00
00
00
00
00
00
E1
00
00
00
00
00
00
00
00
00
00
00
00
00
00
00
00
00
00
00
00
00
00
00
00
00
00
00
00
00
00
00
00
00
00
00
00
00
00
00
00
00
00
00
00
00
00
62
00
C1
00
00
00
00
00
00
42
00
00
00
00
00
00
00
00
00
00
00
00
00
00
00
E4
00
00
00
00
E1
00
00
C4
00
C8
F0
00
00
00
00
00
00
00
00
00
00
00
00
00
00
00
00
00
00
00
00
00
00
00
E2
00
00
00
00
00
00
00
00
00
00
00
00
00
00
00
00
00
00
00
00
00
00
00
00
00
00
E2
00
00
00
00
00
00
00
00
00
00
00
00
00
00
00
00
00
00
00
00
00
00
00
00
00
00
10
00
00
00
00
00
00
00
00
00
00
00
00
00
00
00
C1
00
00
00
00
00
00
00
00
00
00
00
00
00
00
00
00
70
00
00
00
00
00
00
90
00
84
88
00
00
00
00
00
00
00
00
00
00
00
00
00
00
00
00
61
00
00
00
00
00
00
E2
00
00
00
00
00
00
01
00
00
00
00
00
00
00
00
00
00
00
00
00
00
00
00
00
00
00
00
E1
00
00
00
00
00
00
00
00
00
00
00
00
00
00
00
00
00
00
00
00
00
00
00
00
00
00
00
00
00
00
00
00
00
00
00
00
00
00
00
00
00
00
00
00
00
00
62
00
C1
00
00
00
00
00
00
42
00
00
00
00
00
00
00
00
00
00
00
00
00
00
00
E4
00
00
00
00
E1
00
00
C4
00
C8
F0
00
00
00
00
00
00
00
00
00
00
00
00
00
00
00
00
00
00
00
00
00
00
00
E2
00
00
00
00
00
00
00
00
00
00
00
00
00
00
00
00
00
00
00
00
00
00
00
00
00
00
E2
00
00
00
00
00
00
00
00
00
00
00
00
00
00
00
00
00
00
00
00
00
00
00
00
00
00
10
00
00
00
00
00
00
00
00
00
00
00
00
00
00
00
C1
00
00
00
00
00
00
00
00
00
00
00
00
00
00
00
00
70
00
00
00
00
00
00
90
00
84
88
00
00
00
00
00
00
00
00
00
00
00
00
00
00
00
00
61
00
00
00
00
00
00
E2
00
00
00
00
00
00
01
00
00
00
00
00
00
00
00
00
00
00
00
00
00
00
00
00
00
00
00
E1
00
00
00
00
00
00
00
00
00
00
00
00
00
00
00
00
00
00
00
00
00
00
00
00
00
00
00
00
00
00
00
00
00
00
00
00
00
00
00
00
00
00
00
00
00
00
62
00
C1
00
00
00
00
00
00
42
00
00
00
00
00
00
00
00
00
00
00
00
00
00
00
E4
00
00
00
00
E1
00
00
C4
00
C8
F0
00
00
00
00
00
00
00
00
00
00
00
00
00
00
00
00
00
00
00
00
00
00
00
E2
00
00
00
00
00
00
00
00
00
00
00
00
00
00
00
00
00
00
00
00
00
00
00
00
00
00
E2
00
00
00
00
00
00
00
00
00
00
00
00
00
00
00
00
00
00
00
00
00
00
00
00
00
00
10
00
00
00
00
00
00
00
00
00
00
00
00
00
00
00
C1
00
00
00
00
00
00
00
00
00
00
00
00
00
00
00
00
70
00
00
00
00
00
00
90
00
84
88
00
00
00
00
00
00
00
00
00
00
